Count: 400
Mean: 242.320000
Median: 239.500000
Mode: [393.0, 170.0]
Variance: 21099.917600
Standard Deviation: 145.258107
Elapsed Time: 0.004447 seconds
